guy smoking

00000000
00001110
00000110
00001110
00001111
00011110
00001110
00001010
>
00000000
00001110
00000110
00011110
00001111
00001110
00001110
00001010
>
00000000
00001110
00000110
00011110
00001111
00001110
00001110
00001010
>
00000000
00001110
00000110
00011110
00001111
00001110
00001110
00001010
>
00000000
00001110
00000110
00011110
00001111
00001110
00001110
00001010
>
00000000
00001110
00011110
00001110
00101111
00011110
00001110
00001010
>
00000000
01101110
01100110
00101110
00001111
00011110
00001110
00001010
>
11000000
10001110
00000110
00001110
00001111
00011110
00001110
00001010