left

00000000
00000000
00000000
00011110
00010100
00111011
00011110
00010010
>
00000000
00000000
00000000
00011110
00010100
00011010
00111111
00010010
>
00000000
00000000
00000000
00000000
00000000
00011110
00010100
00111011
>
00000000
00000000
00000000
00011111
00110100
00011010
00011110
00010010
>
00000111
00000101
00011111
00000111
00000111
00001001
00000000
00000000
>
00000000
00000000
00000000
00000001
00000000
00000000
00000000
00000000
>
00000000
00000000
00000000
00000000
00000000
00000000
00000000
00000000
>
00000000
00000000
00000000
00000000
00000000
00000000
00000000
00000000
>
00000000
00000000
00000000
00000000
00000000
00000000
00000000
00000000
>
00000000
00000000
00000000
00000000
00000000
00000000
00000000
00000000
>
00000000
00000000
00000000
00000000
00000000
00000000
00000000
00000000
>
00000000
00000000
00000000
00000000
00000000
00000000
00000000
00000000
>
00000001
00000000
00000001
00000000
00000000
00000000
00000000
00000000
>
00000000
00011110
00001010
00011111
00001110
00001110
00001001
00000000
>
00000000
00000000
00000000
00000000
00000000
00111100
00010100
01111110
>
00000000
00000000
00000000
00111100
00010100
01101110
00111100
00100100

Right

00000000
00000000
00000000
00000000
00000000
00000000
00000000
00000000
>
00000000
00000000
00000000
00000000
00000000
00000000
00000000
00000000
>
00000000
00000000
00000000
00000000
00000000
00000000
00000000
00000000
>
00000000
00000000
00000000
00000000
00000000
00000000
00000000
00000000
>
10000000
00000000
10000000
00000000
00000000
00000000
00000000
00000000
>
00000000
01111000
01010000
11111000
01110000
01110000
10010000
00000000
>
00000000
00000000
00000000
00000000
00000000
00111100
00101000
01111110
>
00000000
00000000
00000000
00111100
00101000
00110100
01111110
00100100
>
00000000
00000000
00000000
01111000
00101000
11011100
01111000
01001000
>
00000000
00000000
00000000
01111000
00101000
01011000
11111100
01001000
>
00000000
00000000
00000000
00000000
00000000
01111000
00101000
11111100
>
00000000
00000000
00000000
11111000
00101100
01111000
01111000
01001000
>
11100000
10100000
11111000
11100000
11100000
10010000
00000000
00000000
>
00000000
00000000
00000000
10000000
00000000
00000000
00000000
00000000
>
00000000
00000000
00000000
00000000
00000000
00000000
00000000
00000000
>
00000000
00000000
00000000
00000000
00000000
00000000
00000000
00000000
